[orderbg.jpg]
filters=sepia=1;radsat=1,0.760000,0.407692,0.555556,0.000000;CrossProcess=1,0.000000;radblur=1,0.743784,0.419231,0.000000,-0.976608;
moddate=8ab3f5905a83d001
width=1920
height=1080
textactive=0
[orderbg.1.jpg]
filters=CrossProcess=1,0.000000;Lomo=1,50.000000,73.684212;
moddate=d189e20c5b83d001
width=1920
height=1080
textactive=0
[aboutus.jpg]
filters=radblur=1,0.377721,0.840385,0.087719,0.000000;
moddate=439756eef783d001
width=1152
height=768
textactive=0
